const =

   14.5107


linear =

   -0.0230
    0.0030
    0.0465
    0.0089
   -0.0099
   -0.3704
    1.7751
   -0.2770


quadratic =

  Columns 1 through 6

   -0.0388   -0.0004    0.0002   -0.0014    0.0002    0.0012
   -0.0004   -0.0003    0.0001   -0.0001    0.0001    0.0000
    0.0002    0.0001   -0.0008   -0.0003    0.0000    0.0015
   -0.0014   -0.0001   -0.0003   -0.0004   -0.0000    0.0011
    0.0002    0.0001    0.0000   -0.0000   -0.0000    0.0002
    0.0012    0.0000    0.0015    0.0011    0.0002   -0.0019
   -0.0717   -0.0056    0.0040   -0.0262    0.0064   -0.0130
    0.0043    0.0005   -0.0004    0.0008   -0.0003    0.0016

  Columns 7 through 8

   -0.0717    0.0043
   -0.0056    0.0005
    0.0040   -0.0004
   -0.0262    0.0008
    0.0064   -0.0003
   -0.0130    0.0016
   -2.5106    0.0301
    0.0301    0.0005
