const =

    7.4066


linear =

   -0.1251
   -0.0319
    0.0114
    0.0041
    0.0008
   -0.0835
   -0.8727
   -0.0033
